image_width: 640
image_height: 480
camera_name: left_cam
camera_matrix:
  rows: 3
  cols: 3
  data: [503.177416, 0.000000, 321.497483, 0.000000, 501.403779, 248.637294, 0.000000, 0.000000, 1.000000]
distortion_model: plumb_bob
distortion_coefficients:
  rows: 1
  cols: 5
  data: [0.156934, -0.276625, 0.000091, 0.001410, 0.000000]
rectification_matrix:
  rows: 3
  cols: 3
  data: [0.999993, 0.003697, 0.000107, -0.003699, 0.999641, 0.026553, -0.000009, -0.026554, 0.999647]
projection_matrix:
  rows: 3
  cols: 4
  data: [551.226573, 0.000000, 308.315109, 0.000000, 0.000000, 551.226573, 248.325314, 0.000000, 0.000000, 0.000000, 1.000000, 0.000000]
