image_width: 640
image_height: 480
camera_name: left_cam
camera_matrix:
  rows: 3
  cols: 3
  data: [516.345629, 0.000000, 330.345657, 0.000000, 514.725594, 241.571608, 0.000000, 0.000000, 1.000000]
distortion_model: plumb_bob
distortion_coefficients:
  rows: 1
  cols: 5
  data: [0.187372, -0.305724, -0.003215, 0.005276, 0.000000]
rectification_matrix:
  rows: 3
  cols: 3
  data: [0.999240, 0.005927, 0.038520, -0.004986, 0.999688, -0.024466, -0.038653, 0.024256, 0.998958]
projection_matrix:
  rows: 3
  cols: 4
  data: [568.042932, 0.000000, 319.343140, 0.000000, 0.000000, 568.042932, 241.232752, 0.000000, 0.000000, 0.000000, 1.000000, 0.000000]
