# oST version 5.0 parameters


[image]

width
640

height
480

[left_cam]

camera matrix
503.177416 0.000000 321.497483
0.000000 501.403779 248.637294
0.000000 0.000000 1.000000

distortion
0.156934 -0.276625 0.000091 0.001410 0.000000

rectification
0.999993 0.003697 0.000107
-0.003699 0.999641 0.026553
-0.000009 -0.026554 0.999647

projection
551.226573 0.000000 308.315109 0.000000
0.000000 551.226573 248.325314 0.000000
0.000000 0.000000 1.000000 0.000000

# oST version 5.0 parameters


[image]

width
640

height
480

[right_cam]

camera matrix
502.967578 0.000000 322.726001
0.000000 500.816769 245.521185
0.000000 0.000000 1.000000

distortion
0.151609 -0.282122 0.000049 0.000360 0.000000

rectification
0.999077 -0.004544 0.042714
0.005676 0.999634 -0.026438
-0.042578 0.026656 0.998737

projection
551.226573 0.000000 308.315109 -33.350017
0.000000 551.226573 248.325314 0.000000
0.000000 0.000000 1.000000 0.000000

