# oST version 5.0 parameters


[image]

width
640

height
480

[narrow_stereo/left]

camera matrix
516.345629 0.000000 330.345657
0.000000 514.725594 241.571608
0.000000 0.000000 1.000000

distortion
0.187372 -0.305724 -0.003215 0.005276 0.000000

rectification
0.999240 0.005927 0.038520
-0.004986 0.999688 -0.024466
-0.038653 0.024256 0.998958

projection
568.042932 0.000000 319.343140 0.000000
0.000000 568.042932 241.232752 0.000000
0.000000 0.000000 1.000000 0.000000

# oST version 5.0 parameters


[image]

width
640

height
480

[narrow_stereo/right]

camera matrix
520.831346 0.000000 324.938786
0.000000 518.533458 245.117507
0.000000 0.000000 1.000000

distortion
0.187168 -0.288009 -0.004594 0.004786 0.000000

rectification
0.999953 0.009672 -0.000266
-0.009663 0.999656 0.024367
0.000502 -0.024364 0.999703

projection
568.042932 0.000000 319.343140 -68.997162
0.000000 568.042932 241.232752 0.000000
0.000000 0.000000 1.000000 0.000000

