image_width: 640
image_height: 480
camera_name: right_cam
camera_matrix:
  rows: 3
  cols: 3
  data: [502.967578, 0.000000, 322.726001, 0.000000, 500.816769, 245.521185, 0.000000, 0.000000, 1.000000]
distortion_model: plumb_bob
distortion_coefficients:
  rows: 1
  cols: 5
  data: [0.151609, -0.282122, 0.000049, 0.000360, 0.000000]
rectification_matrix:
  rows: 3
  cols: 3
  data: [0.999077, -0.004544, 0.042714, 0.005676, 0.999634, -0.026438, -0.042578, 0.026656, 0.998737]
projection_matrix:
  rows: 3
  cols: 4
  data: [551.226573, 0.000000, 308.315109, -33.350017, 0.000000, 551.226573, 248.325314, 0.000000, 0.000000, 0.000000, 1.000000, 0.000000]
