image_width: 640
image_height: 480
camera_name: right_cam
camera_matrix:
  rows: 3
  cols: 3
  data: [520.831346, 0.000000, 324.938786, 0.000000, 518.533458, 245.117507, 0.000000, 0.000000, 1.000000]
distortion_model: plumb_bob
distortion_coefficients:
  rows: 1
  cols: 5
  data: [0.187168, -0.288009, -0.004594, 0.004786, 0.000000]
rectification_matrix:
  rows: 3
  cols: 3
  data: [0.999953, 0.009672, -0.000266, -0.009663, 0.999656, 0.024367, 0.000502, -0.024364, 0.999703]
projection_matrix:
  rows: 3
  cols: 4
  data: [568.042932, 0.000000, 319.343140, -68.997162, 0.000000, 568.042932, 241.232752, 0.000000, 0.000000, 0.000000, 1.000000, 0.000000]
